10.4258
2.61849
7.97376
13.5781
8.47175
4.30883
0.879769
4.20907
7.49608
16.3811
13.1448
11.9402
10.8532
3.20482
0.167763
2.01856
0.937986
0.140588
6.81876
4.19129
2.83444
0.343058
0.154489
1.06442
5.53522
8.09635
13.2817
2.45507
8.88373
6.39198
7.51622
0.486817
1.32259
16.1377
6.01965
9.77674
4.91633
0.371298
7.0286
7.02072
1.00949
7.3944
1.20993
3.0225
6.45975
4.48588
0.890043
23.5764
6.71841
0.0267806
5.89923
3.19728
0.847323
2.40868
9.73247
3.9982
5.27901
3.69988
4.84246
2.75601
1.206
6.32876
0.0855183
14.82
2.11289
5.97183
2.27173
6.05781
0.373814
4.58171
6.28353
2.72885
8.90695
2.38375
7.7351
4.55769
8.1131
0.935129
1.57427
3.64595
3.12529
0.754319
2.42106
3.9177
0.0960029
4.77497
5.03654
3.33613
1.03608
1.19016
6.11643
3.7686
1.53036
2.30537
0.984911
8.84518
0.130873
3.98009
11.7861
2.96555
3.13782
0.709317
3.10788
3.9117
2.65313
1.14116
1.43914
10.6414
2.70005
1.22303
4.90536
2.15079
0.669815
4.70613
1.33671
2.3041
7.86225
0.0331941
1.96936
2.06297
5.09693
1.00852
5.70275
0.637929
6.18662
4.29719
8.37016
2.00374
8.34422
3.01368
2.592
1.81732
1.12634
10.6227
1.68771
3.67046
3.80386
3.59685
0.336465
0.357448
3.38836
4.24711
9.94511
6.04456
3.91067
7.7535
19.0792
0.935526
2.52242
2.65166
