EE19B130
Alpha=0.0116117
post anova t-test pairs after sorting the sample means in descending order
1,4
9,13

1   71.4674    70.1734    62.3013    72.442     73.344    100.166    71.8172    66.4059    68.2517    70.2332   
2   293.119    288.396    275.278    282.282    284.16    293.187    276.611    288.753    285.961    294.969    
3   58.5143    48.5551    51.168     74.0088    49.122    54.6432    66.3463    51.9397    44.3146    63.6198    
4   243.89     243.325    239.056    245.243    245.301   260.114    243.237    242.198    246.217    241.684    
5   155.773    144.856    156.041    149.749    140.45    140.84     138.707    159.579    142.182    134.437    
6   40.5011    12.0167    29.6663    37.8545    21.8184   40.3648    19.9524    27.1456    23.5587    27.222    
7   27.9892    22.1475    23.263     22.363     23.1464   21.6691    19.2468    24.6387    24.1317    20.6125    
8   198.222    186.671    182.047    187.242    191.073   201.064    190.062    175.979    185.778    177.579    
9   -0.522383  -6.09028   14.7886    7.32775    -4.57368  19.0706    -7.42181   10.4275    20.3747    3.26253    
10  255.282    243.771    235.259    244.462    235.53    230.279    247.27     235.757    239.012    233.911    
11  140.902    153.555    147.789    149.688    144.771   149.77     144.331    140.785    134.392    146.035    
12  26.1094    25.646     26.3704    26.0618    25.9469   37.1318    27.0562    27.3681    25.7794    26.5113    
13  169.498    157.864    169.688    160.968    166.719   200.443    171.693    184.84     178.458    155.326    
14  79.2857    78.0848    68.2908    93.8821    61.5917   91.987     71.3968    83.528     76.3123    93.0902    
15  51.3294    62.8486    38.1646    51.5629    44.824    77.3322    71.7768    45.6603    54.2628    50.2725    