EE19B130
alpha = 0.0381698
JTJ index 1 = 1 
JTJ index 2 = 3
kth parameter: 2

[S.No(n)], [{X}]    [{Y}]
[1],   -7.5        0.00514273
[2],   -7.4       -0.0805684
[3],   -7.3       -0.0227033 
[4],   -7.2        0.0875876 
[5],   -7.1        -0.0238463
[6],   -7          0.12389
[7],   -6.9        0.0532888 
[8],   -6.8        0.0055907
[9],   -6.7        -0.0630127 
[10],   -6.6       0.00454379 
[11],   -6.5       -0.0649719 
[12],   -6.4       0.0273066
[13],   -6.3       0.0677444 
[14],   -6.2       0.0240408 
[15],   -6.1        0.136756 
[16],   -6         -0.0300467
[17],   -5.9       0.0316324 
[18],   -5.8       -0.0659772 
[19],   -5.7        0.0261364 
[20],   -5.6        0.115335 
[21],   -5.5       -0.0711048 
[22],   -5.4        0.0575433
[23],   -5.3        0.105594 
[24],   -5.2       -0.145818 
[25],   -5.1       0.117756 
[26],   -5         0.0912534 
[27],   -4.9       0.0335363 
[28],   -4.8       0.119079 
[29],   -4.7       0.0246726 
[30],   -4.6       0.0745289
[31],   -4.5       0.0339929 
[32],   -4.4       0.231915
[33],   -4.3       0.178881
[34],   -4.2       0.100783 
[35],   -4.1       0.285768
[36],   -4         0.182698 
[37],   -3.9       0.268719
[38],   -3.8       0.135443
[39],   -3.7       0.152749
[40],   -3.6       0.308215
[41],   -3.5       0.339602
[42],   -3.4       0.375143
[43],   -3.3       0.219094
[44],   -3.2       0.272373
[45],   -3.1       0.393161
[46],   -3         0.291199
[47],   -2.9       0.38874
[48],   -2.8       0.435431
[49],   -2.7       0.189061
[50],   -2.6       0.491702
[51],   -2.5       0.373606
[52],   -2.4       0.252829
[53],   -2.3       0.0986648
[54],   -2.2       0.183189
[55],   -2.1       0.293243
[56],   -2         0.36498
[57],   -1.9       0.092462
[58],    -1.8       0.125312
[59],   -1.7       0.314355
[60],   -1.6       0.0750955
[61],    -1.5       0.318873
[62],   -1.4       0.0686819
[63],   -1.3       0.313377
[64],   -1.2       0.1531
[65],   -1.1       0.0236826
[66],   -1         0.140258
[67],   -0.9       0.112073
[68],   -0.8       0.0172625
[69],   -0.7       0.109762
[70],   -0.6       0.121759
[71],   -0.5       0.249383
[72],   -0.4       5.84161e-05
[73],   -0.3      -0.088015
[74],   -0.2       0.0465801
[75],   -0.1      -0.11824
[76],   0          0.0235062
[77],   0.1       -0.00243728
[78],   0.2       -0.101308
[79],   0.3        0.0635021
[80],   0.4        0.267194
[81],   0.5        0.110935
[82],   0.6       -0.0785645
[83],   0.7        0.0624523
[84],   0.8       -0.00182678
[85],   0.9        0.0657909
[86],   1          0.000271301
[87],   1.1       -0.0146243
[88],   1.2        0.0448422
[89],   1.3        0.0936877
[90],   1.4        0.139016
[91],   1.5        0.165638
[92],   1.6        0.129036
[93],   1.7        0.233862
[94],   1.8        0.311365
[95],   1.9        0.1859
[96],   2          0.159133
[97],   2.1        0.124699
[98],   2.2        0.254344
[99],   2.3        0.312791
[100],   2.4       0.388921
[101],   2.5       0.372504
[102],   2.6       0.327485
[103],   2.7       0.506532
[104],   2.8       0.407463
[105],   2.9       0.453769
[106],   3         0.337422
[107],   3.1       0.418613
[108],    3.2       0.432994
[109],   3.3       0.361679
[110],   3.4       0.328754
[111],   3.5       0.345599
[112],   3.6       0.432702
[113],   3.7       0.209426
[114],   3.8       0.364166
[115],   3.9       0.22704
[116],   4         0.273472
[117],   4.1       0.167753
[118],   4.2       0.168897
[119],    4.3       0.101279
[120],   4.4       0.123378
[121],    4.5       0.150164
[122],   4.6       0.092066
[123],   4.7       0.0312178
[124],   4.8       0.183316
[125],   4.9      -0.00493372
[126],   5         0.104367
[127],   5.1      -0.00147025
[128],   5.2       0.0514146
[129],   5.3      -0.112059
[130],   5.4       0.0435685
[131],   5.5       0.105306
[132],   5.6       0.0320342
[133],   5.7      -0.00255603
[134],   5.8       0.0474863
[135],   5.9       0.0263559
[136],   6         0.214464
[137],   6.1       0.00371548
[138],   6.2       0.0797312
[139],   6.3      -0.0411554
[140],   6.4      -0.0513176
[141],   6.5       0.012949
[142],   6.6      -0.214458
[143],   6.7      -0.109551
[144],   6.8       0.0709454
[145],   6.9       0.0392604
[146],   7         0.0131888
[147],   7.1       0.116578 
[148],   7.2       0.0581153 
[149],   7.3      -0.0957359 
[150],   7.4      -0.211039