[4.92009 17.9941 -3.87648 -3.50633 7.20758];
[15.3071 -0.48394 0.697387 14.8681 3.21988];

[-14.2969 0.283286 8.82217 -11.2653 12.1656];
[9.30893 0.495258 10.0562 11.2743 3.83132];

[-2.83095 4.63065 5.03574 -1.29401 -8.4456];
[-6.42054 -1.7146 5.84836 -0.767041 5.98537];

[-2.01489 2.96832 -1.13721 3.44875 -0.0961733];
[3.64234 5.7643 0.734968 4.81744 1.97736];

[-8.44327 13.9794 -2.42385 -4.50396 -9.69273];
[4.05821 4.35699 -3.29968 -3.09031 -11.0407];

[10.8391 4.40032 10.4972 1.82656 4.78251];
[-0.582007 -10.6617 10.8339 20.9201 8.29178]; 

[11.4499 2.94908 -0.863144 2.09141 5.12033];
[6.7028 11.2084 -2.73625 12.2847 -7.96549];

[-0.630385 -16.9508 -6.07323 2.53641 -11.8086];
[3.35437 4.58942 7.42637 1.86203 -3.30254];

[1.85726 7.42771 0.765558 10.6612 2.5806];
[9.78733 2.1107 5.25176 -4.66083 16.3989];

[2.41646 6.31811 -3.1663 -3.53635 8.96348];
[13.4119 -1.19104 14.6537 -13.1218 18.1707];