alpha = 0.0423286;

0 0.071435;
0.02 0.997483;
0.04 0.947974;
0.06 1.16597;
0.08 1.69012;
0.1 1.61216;
0.12 1.66428;
0.14 2.19399;
0.16 2.10857;
0.18 2.39021;
0.2 2.18536;
0.22 2.55174;
0.24 2.3269;
0.26 2.16697;
0.28 2.60211;
0.3 2.63762;
0.32 2.72893;
0.34 3.14533;
0.36 2.88681;
0.38 2.88163;
0.4 3.48239;
0.42 3.12217;
0.44 3.08376;
0.46 3.00735;
0.48 3.73846;
0.5 3.0917;
0.52 3.48876;
0.54 3.52988;
0.56 4.13182;
0.58 4.0979;
0.6 4.09893;
0.62 3.96472;
0.64 3.75902;
0.66 3.83157;
0.68 4.26378;
0.7 4.50726;
0.72 4.6045;
0.74 4.66349;
0.76 4.67492;
0.78 5.12179;
0.8 5.32;
0.82 5.07479;
0.84 5.23086;
0.86 5.30943;
0.88 5.43473;
0.9 5.62277;
0.92 5.5708;
0.94 5.82105;
0.96 5.41735;
0.98 5.9983;
1 6.29733;
1.02 6.11881;
1.04 5.99776;
1.06 6.44528;
1.08 6.52003;
1.1 6.46342;
1.12 7.14347;
1.14 7.02646;
1.16 7.20932;
1.18 7.28088;
1.2 7.69599;
1.22 7.39808;
1.24 7.43941;
1.26 7.5197;
1.28 8.11954;
1.3 8.34869;
1.32 8.04049;
1.34 8.5362;
1.36 8.78495;
1.38 8.46521;
1.4 8.43894;
1.42 8.89222;
1.44 9.17473;
1.46 9.39061;
1.48 9.30325;
1.5 9.75703;
1.52 9.96329;
1.54 9.84921;
1.56 9.8942;
1.58 10.1993;
1.6 9.94244;
1.62 10.8576;
1.64 10.5393;
1.66 10.9754;
1.68 10.3659;
1.7 11.2202;
1.72 11.1202;
1.74 11.3152;
1.76 11.7827;
1.78 11.6654;
1.8 11.9004;
1.82 12.294;
1.84 12.0885;
1.86 12.5035;
1.88 12.3159;
1.9 12.3542;
1.92 12.5765;
1.94 13.011;
1.96 13.6356;
1.98 13.3892;